(_M, _N)= ( 118 ,  27 )
Initial J=	0.69314718056
Initial Grad=	[[  8.47457627e-03   1.87880932e-02   7.77711864e-05   5.03446395e-02
    1.15013308e-02   3.76648474e-02   1.83559872e-02   7.32393391e-03
    8.19244468e-03   2.34764889e-02   3.93486234e-02   2.23923907e-03
    1.28600503e-02   3.09593720e-03   3.93028171e-02   1.99707467e-02
    4.32983232e-03   3.38643902e-03   5.83822078e-03   4.47629067e-03
    3.10079849e-02   3.10312442e-02   1.09740238e-03   6.31570797e-03
    4.08503006e-04   7.26504316e-03   1.37646175e-03   3.87936363e-02]]
***Optimization***
Optimization terminated successfully.
         Current function value: 0.285970
         Iterations: 302
         Function evaluations: 303
         Gradient evaluations: 303
***Result***
J= 0.27882988018
accuracy=0.873
precision=0.841
recall=0.914
F_score=0.876
theta= [[  2.99748436  -1.01453491   2.60309422 -12.61179986  -9.09784996
    5.94221553   3.65833506  16.1463326   27.98715651   4.23047059
   43.63353337  10.06497161  -8.53342243  -5.24695593 -35.49092808
    8.93432269  -7.84111066  -5.29491652 -14.38347385 -17.3737752
   10.8465845  -71.83490836 -34.765215   -10.03244819  29.72196205
  -50.79018145 -37.1971853    3.50917314]]
